<svg width="221" height="74" viewBox="0 0 221 74" fill="none" xmlns="http://www.w3.org/2000/svg">
<g clip-path="url(#clip0_7720_50633)">
<path d="M15.5952 72.3813C15.0326 72.3813 14.4834 72.3741 13.9252 72.3615C12.7686 72.3464 11.6148 72.2455 10.4732 72.0597C9.40864 71.8761 8.37739 71.5345 7.41344 71.0461C6.45834 70.5618 5.5872 69.9268 4.83341 69.1654C4.06871 68.413 3.43206 67.5403 2.9487 66.5819C2.46 65.6173 2.1218 64.5833 1.94586 63.5161C1.75587 62.3693 1.65307 61.2097 1.63837 60.0473C1.62666 59.6572 1.61133 58.3581 1.61133 58.3581V15.6221C1.61133 15.6221 1.62765 14.3429 1.63846 13.9672C1.65254 12.8066 1.75474 11.6488 1.94417 10.5038C2.12042 9.43364 2.45889 8.39671 2.94785 7.42894C3.42944 6.47122 4.06255 5.59787 4.82265 4.84273C5.58189 4.08042 6.45581 3.44214 7.41254 2.95116C8.37427 2.4644 9.40357 2.12518 10.466 1.94487C11.6114 1.75722 12.7692 1.65577 13.9297 1.64136L15.5961 1.61877H205.393L207.079 1.64227C208.229 1.65596 209.377 1.75651 210.511 1.94306C211.585 2.12563 212.625 2.46721 213.597 2.95658C215.514 3.94605 217.074 5.51148 218.057 7.43345C218.539 8.39454 218.872 9.42301 219.046 10.484C219.238 11.6384 219.345 12.8052 219.367 13.9753C219.372 14.4992 219.372 15.062 219.372 15.6221C219.387 16.3158 219.387 16.9761 219.387 17.6419V56.3599C219.387 57.032 219.387 57.6878 219.372 58.349C219.372 58.9507 219.372 59.5018 219.365 60.069C219.343 61.2181 219.238 62.3642 219.049 63.4979C218.877 64.5729 218.541 65.6149 218.052 66.5874C217.565 67.5354 216.932 68.4006 216.176 69.151C215.422 69.9165 214.549 70.5552 213.592 71.0426C212.622 71.5347 211.583 71.8776 210.511 72.0597C209.37 72.2465 208.216 72.3474 207.059 72.3615C206.518 72.3741 205.952 72.3813 205.402 72.3813L203.4 72.385L15.5952 72.3813Z" fill="url(#paint0_linear_7720_50633)"/>
<path d="M45.7442 37.5557C45.7641 36.0116 46.1735 34.4976 46.9345 33.1546C47.6954 31.8116 48.7831 30.6832 50.0964 29.8744C49.2621 28.6809 48.1615 27.6986 46.882 27.0057C45.6024 26.3128 44.1792 25.9283 42.7254 25.8827C39.6241 25.5566 36.6176 27.7417 35.0372 27.7417C33.4263 27.7417 30.993 25.9151 28.3729 25.9691C26.6781 26.024 25.0264 26.5176 23.5787 27.402C22.131 28.2864 20.9367 29.5314 20.1121 31.0157C16.5404 37.2102 19.2046 46.3142 22.626 51.3214C24.3379 53.7733 26.3385 56.5121 28.9563 56.415C31.518 56.3086 32.4747 54.7787 35.5669 54.7787C38.6303 54.7787 39.528 56.415 42.1989 56.3533C44.9477 56.3086 46.6795 53.8905 48.3313 51.4154C49.5613 49.6683 50.5077 47.7374 51.1356 45.6942C49.5386 45.0176 48.1758 43.8851 47.2171 42.4378C46.2583 40.9906 45.7461 39.2927 45.7442 37.5557V37.5557Z" fill="white"/>
<path d="M40.699 22.5908C42.1977 20.7885 42.9361 18.4719 42.7573 16.1331C40.4676 16.374 38.3524 17.4703 36.8334 19.2034C36.0908 20.0501 35.5219 21.0351 35.1595 22.1021C34.7971 23.1691 34.6481 24.2973 34.7212 25.422C35.8665 25.4338 36.9995 25.1851 38.035 24.6947C39.0704 24.2043 39.9813 23.4849 40.699 22.5908Z" fill="white"/>
<path d="M78.1259 50.2084H69.3841L67.2847 56.4178H63.582L71.8621 33.4445H75.7091L83.9892 56.4178H80.2234L78.1259 50.2084ZM70.2894 47.3431H77.2188L73.8028 37.2656H73.7072L70.2894 47.3431Z" fill="white"/>
<path d="M101.872 48.0436C101.872 53.2485 99.0905 56.5926 94.8936 56.5926C93.8305 56.6483 92.7732 56.403 91.8427 55.8847C90.9123 55.3665 90.1464 54.5962 89.6327 53.6622H89.5533V61.9583H86.1211V39.668H89.4433V42.4538H89.5064C90.0438 41.5242 90.8226 40.758 91.7601 40.2366C92.6976 39.7152 93.7587 39.4581 94.8305 39.4927C99.0742 39.4927 101.872 42.8531 101.872 48.0436ZM98.3438 48.0436C98.3438 44.6525 96.5944 42.4231 93.9251 42.4231C91.3027 42.4231 89.5389 44.6995 89.5389 48.0436C89.5389 51.4184 91.3027 53.6785 93.9251 53.6785C96.5944 53.6785 98.3438 51.4653 98.3438 48.0436Z" fill="white"/>
<path d="M120.274 48.0435C120.274 53.2485 117.493 56.5926 113.296 56.5926C112.233 56.6483 111.176 56.403 110.245 55.8847C109.315 55.3664 108.549 54.5962 108.035 53.6622H107.956V61.9583H104.523V39.6679H107.846V42.4538H107.909C108.446 41.5242 109.225 40.758 110.162 40.2366C111.1 39.7152 112.161 39.4581 113.233 39.4927C117.477 39.4927 120.274 42.8531 120.274 48.0435ZM116.746 48.0435C116.746 44.6525 114.997 42.4231 112.327 42.4231C109.705 42.4231 107.941 44.6994 107.941 48.0435C107.941 51.4183 109.705 53.6785 112.327 53.6785C114.997 53.6785 116.746 51.4653 116.746 48.0435H116.746Z" fill="white"/>
<path d="M132.437 50.0169C132.692 52.2951 134.901 53.7909 137.92 53.7909C140.813 53.7909 142.894 52.295 142.894 50.2409C142.894 48.4577 141.639 47.39 138.667 46.6583L135.694 45.9411C131.483 44.9221 129.528 42.9493 129.528 39.7479C129.528 35.7841 132.976 33.0615 137.873 33.0615C142.719 33.0615 146.041 35.7841 146.153 39.7479H142.689C142.481 37.4553 140.589 36.0714 137.824 36.0714C135.06 36.0714 133.168 37.4716 133.168 39.5094C133.168 41.1336 134.376 42.0893 137.332 42.8209L139.859 43.4424C144.564 44.5571 146.519 46.4505 146.519 49.8108C146.519 54.1088 143.102 56.8007 137.666 56.8007C132.58 56.8007 129.146 54.1721 128.924 50.0168L132.437 50.0169Z" fill="white"/>
<path d="M153.926 35.7061V39.6699H157.106V42.3925H153.926V51.6262C153.926 53.0607 154.563 53.7292 155.961 53.7292C156.338 53.7226 156.715 53.696 157.09 53.6496V56.356C156.461 56.4736 155.823 56.5269 155.184 56.515C151.798 56.515 150.478 55.2413 150.478 51.9929V42.3925H148.047V39.6699H150.478V35.7061H153.926Z" fill="white"/>
<path d="M158.947 48.0454C158.947 42.7754 162.046 39.4639 166.877 39.4639C171.725 39.4639 174.81 42.7754 174.81 48.0454C174.81 53.3298 171.742 56.6269 166.877 56.6269C162.015 56.6269 158.947 53.3298 158.947 48.0454ZM171.312 48.0454C171.312 44.4303 169.659 42.2967 166.877 42.2967C164.096 42.2967 162.444 44.4466 162.444 48.0454C162.444 51.6749 164.096 53.7923 166.877 53.7923C169.659 53.7923 171.312 51.6749 171.312 48.0454H171.312Z" fill="white"/>
<path d="M177.641 39.6679H180.914V42.5187H180.993C181.215 41.6283 181.736 40.8415 182.468 40.2904C183.201 39.7393 184.1 39.4576 185.015 39.4926C185.411 39.4912 185.805 39.5342 186.191 39.6209V42.8367C185.692 42.6839 185.171 42.6137 184.649 42.6289C184.151 42.6087 183.654 42.6967 183.192 42.8871C182.731 43.0774 182.316 43.3655 181.976 43.7316C181.636 44.0977 181.38 44.5331 181.224 45.008C181.068 45.4828 181.016 45.9858 181.073 46.4825V56.4172H177.641L177.641 39.6679Z" fill="white"/>
<path d="M202.015 51.4997C201.553 54.5403 198.597 56.627 194.815 56.627C189.951 56.627 186.932 53.3623 186.932 48.1249C186.932 42.8712 189.967 39.4639 194.671 39.4639C199.297 39.4639 202.206 42.6472 202.206 47.7256V48.9036H190.396V49.1113C190.342 49.7277 190.419 50.3487 190.622 50.933C190.826 51.5173 191.151 52.0516 191.576 52.5003C192.002 52.949 192.518 53.3019 193.09 53.5356C193.662 53.7693 194.277 53.8783 194.894 53.8556C195.705 53.9317 196.519 53.7435 197.215 53.3191C197.911 52.8946 198.451 52.2565 198.756 51.4997L202.015 51.4997ZM190.412 46.5007H198.772C198.803 45.9465 198.719 45.3918 198.526 44.8716C198.332 44.3514 198.034 43.8768 197.649 43.4776C197.263 43.0784 196.8 42.7633 196.288 42.552C195.775 42.3407 195.225 42.2378 194.671 42.2497C194.112 42.2464 193.558 42.3539 193.041 42.5662C192.523 42.7785 192.053 43.0913 191.657 43.4865C191.261 43.8817 190.948 44.3515 190.734 44.8689C190.52 45.3863 190.411 45.9409 190.412 46.5007V46.5007Z" fill="white"/>
<path d="M69.8593 16.1529C70.5789 16.1012 71.3009 16.2101 71.9734 16.4717C72.6458 16.7334 73.252 17.1413 73.748 17.666C74.244 18.1907 74.6176 18.8191 74.8418 19.506C75.066 20.1928 75.1353 20.921 75.0445 21.6379C75.0445 25.1644 73.1418 27.1916 69.8593 27.1916H65.8789V16.1529H69.8593ZM67.5905 25.6305H69.6682C70.1823 25.6612 70.6969 25.5768 71.1744 25.3833C71.6518 25.1897 72.0802 24.892 72.4283 24.5117C72.7765 24.1314 73.0355 23.6781 73.1867 23.1849C73.3379 22.6916 73.3774 22.1708 73.3023 21.6604C73.3719 21.1519 73.3285 20.6343 73.1749 20.1447C73.0214 19.6551 72.7617 19.2055 72.4144 18.8283C72.0671 18.451 71.6407 18.1553 71.166 17.9625C70.6912 17.7697 70.1797 17.6844 69.6682 17.7128H67.5905V25.6305Z" fill="white"/>
<path d="M76.9775 23.0241C76.9253 22.4767 76.9878 21.9243 77.1611 21.4025C77.3344 20.8807 77.6147 20.4009 77.9839 19.9939C78.3532 19.587 78.8033 19.2618 79.3053 19.0393C79.8074 18.8168 80.3504 18.7018 80.8994 18.7018C81.4484 18.7018 81.9913 18.8168 82.4934 19.0393C82.9954 19.2618 83.4455 19.587 83.8148 19.9939C84.1841 20.4009 84.4643 20.8807 84.6376 21.4025C84.811 21.9243 84.8735 22.4767 84.8212 23.0241C84.8745 23.5722 84.8127 24.1253 84.6398 24.6479C84.467 25.1706 84.1869 25.6513 83.8175 26.059C83.4482 26.4668 82.9977 26.7927 82.4952 27.0156C81.9926 27.2386 81.449 27.3538 80.8994 27.3538C80.3497 27.3538 79.8061 27.2386 79.3035 27.0156C78.801 26.7927 78.3505 26.4668 77.9812 26.059C77.6118 25.6513 77.3317 25.1706 77.1589 24.6479C76.986 24.1253 76.9243 23.5722 76.9775 23.0241V23.0241ZM83.133 23.0241C83.133 21.2184 82.3232 20.1624 80.9021 20.1624C79.4755 20.1624 78.6729 21.2184 78.6729 23.0242C78.6729 24.8444 79.4755 25.8922 80.9021 25.8922C82.3233 25.8922 83.1331 24.8371 83.1331 23.0241H83.133Z" fill="white"/>
<path d="M95.2473 27.1916H93.5447L91.8259 21.0562H91.6961L89.9845 27.1916H88.2982L86.0059 18.8611H87.6705L89.1603 25.2177H89.2829L90.9927 18.8611H92.5672L94.277 25.2177H94.4068L95.8893 18.8611H97.5306L95.2473 27.1916Z" fill="white"/>
<path d="M99.459 18.8605H101.039V20.1838H101.162C101.37 19.7085 101.721 19.3101 102.165 19.044C102.61 18.778 103.127 18.6576 103.643 18.6997C104.048 18.6692 104.454 18.7303 104.832 18.8785C105.21 19.0267 105.55 19.2581 105.826 19.5557C106.102 19.8532 106.309 20.2093 106.429 20.5974C106.549 20.9856 106.581 21.3959 106.522 21.798V27.1908H104.88V22.2109C104.88 20.8722 104.3 20.2064 103.086 20.2064C102.811 20.1936 102.537 20.2404 102.282 20.3437C102.027 20.447 101.797 20.6043 101.609 20.8048C101.42 21.0053 101.277 21.2443 101.189 21.5054C101.101 21.7665 101.071 22.0435 101.1 22.3175V27.1909H99.459L99.459 18.8605Z" fill="white"/>
<path d="M109.137 15.6092H110.778V27.1916H109.137V15.6092Z" fill="white"/>
<path d="M113.06 23.0214C113.007 22.4739 113.07 21.9215 113.243 21.3997C113.417 20.8778 113.697 20.398 114.066 19.991C114.435 19.5841 114.886 19.2589 115.388 19.0364C115.89 18.8139 116.433 18.6989 116.982 18.6989C117.531 18.6989 118.074 18.8139 118.576 19.0364C119.078 19.2589 119.528 19.5841 119.897 19.991C120.267 20.398 120.547 20.8778 120.72 21.3997C120.894 21.9215 120.956 22.4739 120.904 23.0214C120.957 23.5694 120.895 24.1225 120.723 24.6452C120.55 25.1679 120.269 25.6485 119.9 26.0563C119.531 26.464 119.08 26.7899 118.578 27.0128C118.075 27.2358 117.531 27.351 116.982 27.351C116.432 27.351 115.889 27.2358 115.386 27.0128C114.883 26.7899 114.433 26.464 114.063 26.0563C113.694 25.6485 113.414 25.1679 113.241 24.6452C113.068 24.1225 113.006 23.5694 113.06 23.0214V23.0214ZM119.215 23.0214C119.215 21.2156 118.405 20.1597 116.984 20.1597C115.557 20.1597 114.755 21.2156 114.755 23.0214C114.755 24.8416 115.557 25.8894 116.984 25.8894C118.405 25.8894 119.215 24.8343 119.215 23.0214H119.215Z" fill="white"/>
<path d="M122.633 24.8372C122.633 23.3377 123.747 22.4732 125.726 22.3503L127.979 22.2203V21.5012C127.979 20.6214 127.398 20.1246 126.276 20.1246C125.36 20.1246 124.725 20.4615 124.543 21.0505H122.954C123.122 19.6196 124.465 18.7018 126.352 18.7018C128.437 18.7018 129.613 19.7415 129.613 21.5012V27.193H128.033V26.0224H127.903C127.639 26.4423 127.269 26.7846 126.83 27.0144C126.391 27.2442 125.9 27.3532 125.405 27.3303C125.056 27.3667 124.703 27.3294 124.369 27.2208C124.035 27.1122 123.728 26.9347 123.467 26.6998C123.205 26.4649 122.996 26.1778 122.853 25.857C122.709 25.5362 122.634 25.1888 122.633 24.8372V24.8372ZM127.979 24.1254V23.4289L125.948 23.559C124.802 23.6358 124.283 24.026 124.283 24.7604C124.283 25.5101 124.932 25.9464 125.825 25.9464C126.087 25.973 126.351 25.9465 126.602 25.8686C126.853 25.7908 127.086 25.6631 127.287 25.4932C127.488 25.3233 127.653 25.1146 127.772 24.8796C127.89 24.6447 127.961 24.3881 127.979 24.1254V24.1254Z" fill="white"/>
<path d="M131.77 23.0228C131.77 20.3905 133.12 18.723 135.222 18.723C135.741 18.699 136.257 18.8237 136.709 19.0825C137.16 19.3413 137.529 19.7235 137.772 20.1845H137.894V15.6092H139.536V27.1916H137.963V25.8754H137.833C137.572 26.3333 137.19 26.7107 136.73 26.9669C136.269 27.2231 135.748 27.3483 135.222 27.3288C133.106 27.3289 131.77 25.6614 131.77 23.0228ZM133.465 23.0228C133.465 24.7897 134.296 25.8529 135.687 25.8529C137.07 25.8529 137.925 24.7743 137.925 23.03C137.925 21.2938 137.061 20.1999 135.687 20.1999C134.305 20.1999 133.465 21.2703 133.465 23.0228H133.465Z" fill="white"/>
<path d="M146.325 23.0241C146.273 22.4767 146.335 21.9243 146.509 21.4025C146.682 20.8807 146.962 20.4009 147.332 19.9939C147.701 19.587 148.151 19.2618 148.653 19.0393C149.155 18.8168 149.698 18.7018 150.247 18.7018C150.796 18.7018 151.339 18.8168 151.841 19.0393C152.343 19.2618 152.793 19.587 153.162 19.9939C153.532 20.4009 153.812 20.8807 153.985 21.4025C154.159 21.9243 154.221 22.4767 154.169 23.0241C154.222 23.5722 154.16 24.1253 153.987 24.6479C153.815 25.1706 153.535 25.6513 153.165 26.059C152.796 26.4668 152.345 26.7927 151.843 27.0156C151.34 27.2386 150.797 27.3538 150.247 27.3538C149.697 27.3538 149.154 27.2386 148.651 27.0156C148.149 26.7927 147.698 26.4668 147.329 26.059C146.959 25.6513 146.679 25.1706 146.507 24.6479C146.334 24.1253 146.272 23.5722 146.325 23.0241V23.0241ZM152.481 23.0241C152.481 21.2184 151.671 20.1624 150.25 20.1624C148.823 20.1624 148.021 21.2184 148.021 23.0242C148.021 24.8444 148.823 25.8922 150.25 25.8922C151.671 25.8922 152.481 24.8371 152.481 23.0241Z" fill="white"/>
<path d="M156.371 18.8605H157.951V20.1838H158.074C158.282 19.7085 158.633 19.3101 159.077 19.044C159.522 18.778 160.039 18.6576 160.555 18.6997C160.96 18.6692 161.366 18.7303 161.744 18.8785C162.122 19.0267 162.462 19.2581 162.738 19.5557C163.015 19.8532 163.221 20.2093 163.341 20.5974C163.462 20.9856 163.493 21.3959 163.434 21.798V27.1908H161.793V22.2109C161.793 20.8722 161.212 20.2064 159.998 20.2064C159.723 20.1936 159.449 20.2404 159.194 20.3437C158.939 20.447 158.709 20.6043 158.521 20.8048C158.332 21.0053 158.189 21.2443 158.101 21.5054C158.014 21.7665 157.983 22.0435 158.012 22.3175V27.1909H156.371V18.8605Z" fill="white"/>
<path d="M172.707 16.7871V18.8991H174.509V20.2839H172.707V24.5674C172.707 25.44 173.066 25.8221 173.883 25.8221C174.092 25.8214 174.301 25.8088 174.509 25.7842V27.1536C174.214 27.2064 173.916 27.2345 173.616 27.2376C171.791 27.2376 171.064 26.5944 171.064 24.9883V20.2838H169.744V18.899H171.064V16.7871H172.707Z" fill="white"/>
<path d="M176.752 15.6092H178.379V20.1999H178.509C178.727 19.7201 179.087 19.3194 179.541 19.0524C179.995 18.7854 180.52 18.6649 181.044 18.7076C181.447 18.6856 181.849 18.753 182.223 18.9047C182.596 19.0565 182.932 19.289 183.206 19.5856C183.479 19.8823 183.684 20.2357 183.805 20.6208C183.927 21.0058 183.962 21.413 183.908 21.8132V27.1916H182.265V22.2188C182.265 20.8882 181.647 20.2143 180.487 20.2143C180.205 20.1911 179.921 20.23 179.656 20.3281C179.39 20.4263 179.149 20.5814 178.95 20.7825C178.75 20.9837 178.597 21.2261 178.501 21.4927C178.405 21.7594 178.368 22.0439 178.393 22.3263V27.1915H176.752L176.752 15.6092Z" fill="white"/>
<path d="M193.477 24.9409C193.254 25.7023 192.771 26.3608 192.112 26.8014C191.453 27.242 190.661 27.4365 189.873 27.351C189.325 27.3655 188.781 27.2603 188.277 27.0429C187.774 26.8255 187.324 26.501 186.959 26.0919C186.593 25.6828 186.321 25.1989 186.161 24.6738C186.001 24.1487 185.957 23.5951 186.032 23.0512C185.959 22.5057 186.003 21.9508 186.163 21.4241C186.323 20.8975 186.594 20.4114 186.957 19.9987C187.321 19.586 187.769 19.2564 188.271 19.0321C188.772 18.8079 189.316 18.6943 189.866 18.699C192.18 18.699 193.576 20.2826 193.576 22.8985V23.4722H187.703V23.5643C187.678 23.87 187.716 24.1777 187.816 24.4677C187.916 24.7577 188.075 25.0235 188.284 25.2482C188.492 25.4729 188.746 25.6515 189.027 25.7725C189.308 25.8935 189.612 25.9542 189.918 25.9508C190.311 25.998 190.709 25.9272 191.061 25.7474C191.413 25.5675 191.704 25.2868 191.897 24.9409L193.477 24.9409ZM187.703 22.2563H191.904C191.925 21.9767 191.887 21.6958 191.793 21.4318C191.698 21.1678 191.55 20.9264 191.357 20.7232C191.165 20.5199 190.932 20.3593 190.673 20.2517C190.415 20.1441 190.137 20.0918 189.857 20.0982C189.573 20.0947 189.291 20.1481 189.028 20.2553C188.765 20.3624 188.527 20.5213 188.326 20.7224C188.125 20.9235 187.967 21.1629 187.86 21.4263C187.753 21.6897 187.7 21.9719 187.703 22.2563H187.703Z" fill="white"/>
</g>
<defs>
<linearGradient id="paint0_linear_7720_50633" x1="4.91867" y1="60.1731" x2="221.017" y2="33.722" gradientUnits="userSpaceOnUse">
<stop stop-color="#314085"/>
<stop offset="1" stop-color="#00A6E8"/>
</linearGradient>
<clipPath id="clip0_7720_50633">
<rect width="221" height="74" fill="white"/>
</clipPath>
</defs>
</svg>
